This folder: /media/daniella/B/git/danimesq/&meta/Lists/FAVColorPalettes

folderstamp version: r5
Method: Non-recursive

  File: ./Others-to-add.txt
  Size: 0         	Blocks: 0          IO Block: 4096   regular empty file
Device: 8,52	Inode: 3592963     Links: 1
Access: (0664/-rw-rw-r--)  Uid: ( 1000/daniella)   Gid: ( 1000/daniella)
Access: 2024-05-01 14:30:15.906069300 -0300
Modify: 2024-05-01 14:30:15.906069300 -0300
Change: 2024-05-01 14:30:22.256914700 -0300
 Birth: 2024-05-01 14:30:15.906069300 -0300
IPFS hash: QmbFMke1KXqnYyBBWxB74N4c5SBnJMVAiMNRcGu6x1AwQH
------------------------------
  File: ./progressive.international
  Size: 4096      	Blocks: 8          IO Block: 4096   directory
Device: 8,52	Inode: 3704097     Links: 1
Access: (0775/drwxrwxr-x)  Uid: ( 1000/daniella)   Gid: ( 1000/daniella)
Access: 2024-05-01 14:13:19.266256800 -0300
Modify: 2024-05-01 14:29:27.303261500 -0300
Change: 2024-05-01 14:29:27.303261500 -0300
 Birth: 2024-05-01 14:13:19.266256800 -0300
IPFS hash: 
------------------------------