This folder: /media/daniella/B/git/danimesq/&meta/Lists/FAVColorPalettes

folderstamp version: r5
Method: Recursive

  File: ./.folderstamp
  Size: 116       	Blocks: 8          IO Block: 4096   regular file
Device: 8,52	Inode: 3668956     Links: 1
Access: (0664/-rw-rw-r--)  Uid: ( 1000/daniella)   Gid: ( 1000/daniella)
Access: 2024-05-01 14:12:24.824810400 -0300
Modify: 2024-05-01 14:12:24.855808900 -0300
Change: 2024-05-01 14:12:24.855808900 -0300
 Birth: 2024-05-01 14:12:24.824810400 -0300
IPFS hash: QmYoo2faTbLNKcppsLJMtyYXXYMeJmwtM1Db4QeaZ6Qqmx
------------------------------
  File: ./.folderstamp1
  Size: 1006      	Blocks: 8          IO Block: 4096   regular file
Device: 8,52	Inode: 3628018     Links: 1
Access: (0664/-rw-rw-r--)  Uid: ( 1000/daniella)   Gid: ( 1000/daniella)
Access: 2024-05-01 14:12:02.050924600 -0300
Modify: 2024-05-01 14:12:02.227915900 -0300
Change: 2024-05-01 14:12:07.804640400 -0300
 Birth: 2024-05-01 14:12:02.050924600 -0300
IPFS hash: QmZyox4sTiAVuEDsstCs6BmK3zER3CwTzvtJJUDH3qdV9M
------------------------------