This folder: /media/daniella/B/git/danimesq/&meta/Lists

folderstamp version: r5
Method: Non-recursive

  File: ./FAVColorPallettes
  Size: 0         	Blocks: 0          IO Block: 4096   directory
Device: 8,52	Inode: 2617989     Links: 1
Access: (0775/drwxrwxr-x)  Uid: ( 1000/daniella)   Gid: ( 1000/daniella)
Access: 2024-05-01 14:11:40.196021100 -0300
Modify: 2024-05-01 14:11:40.196021100 -0300
Change: 2024-05-01 14:11:48.269612900 -0300
 Birth: 2024-05-01 14:11:40.196021100 -0300
IPFS hash: 
------------------------------
  File: ./Im Grateful For.txt
  Size: 882       	Blocks: 8          IO Block: 4096   regular file
Device: 8,52	Inode: 2022435     Links: 1
Access: (0755/-rwxr-xr-x)  Uid: ( 1000/daniella)   Gid: ( 1000/daniella)
Access: 2024-03-10 21:18:14.085812100 -0300
Modify: 2024-03-10 21:18:08.198103800 -0300
Change: 2024-03-10 21:18:08.654081100 -0300
 Birth: 2024-03-10 21:18:08.198103800 -0300
IPFS hash: QmRLw5nxTABw1AFPKZnaeHpJoqNNmqvKciuLiUz2AJeoA2
------------------------------